9.75956940071755,0,0,0,0,0,0,0,0
55.5190598927611,0.819597488586521,0.552428456644389,0,0,0,0,0,0
95.1097659522757,3.23296647907502,0.644499866085121,0.0920714094407316,0,0,0,0,0
112.695405155455,5.15457697641161,0.460357047203658,0,0,0.0920714094407316,0,0,0
249.845440140908,49.2325399273787,5.47806087384008,1.19167578498452,0,0.0417666617268566,0.0174027757195236,0,0
569.86499942568,63.0233004978841,7.43451118592582,2.38335156996904,0.0114653581210979,0.0139222205756189,0,0,0
709.893537853982,79.1661632159143,21.129663370526,2.08543262372291,0.00573267906054894,0.0139222205756189,0.0174027757195236,0,0
844.647028601766,108.718181017467,21.9122434953603,2.5323110430921,0.0171980371816468,0.0417666617268566,0,0,0
1511.22123550361,124.256721878887,23.0861136826118,4.02190577432275,0.0171980371816468,0.0139222205756189,0.0174027757195236,0,0
1604.73344438553,196.392381158464,38.7377161792977,3.87294630119969,0.0515941115449405,0.0278444411512377,0,0,0
1500.19159035344,168.518884288979,26.9990143067832,4.46878419369195,0.0687921487265873,0.097455544029332,0.0174027757195236,0,0
1132.85645187372,166.661103839895,35.2161056175434,4.46878419369195,0.120386260271528,0.097455544029332,0,0,0
516.149471233866,18.0430935276428,7.64461208287133,2.39469776089945,0.64472632024216,0.460518800172971,0.0921037600345943,0,0
665.357562489909,15.1840507655939,6.17095192231782,1.93417896072648,0.828933840311349,0.460518800172971,0.0921037600345943,0,0
612.397900470017,16.3805174029203,5.43412184204106,1.6578676806227,0.921037600345943,1.01314136038054,0,0,0
473.413326577815,19.103222817443,5.34201808200647,1.38155640051891,0.921037600345943,0.64472632024216,0.0921037600345943,0,0
621.147757673304,14.7762855798671,13.3550452050162,1.93417896072648,0.460518800172971,0.368415040138377,0,0,0
593.516629662926,14.5791102169672,9.94720608373619,1.38155640051891,0.368415040138377,0.368415040138377,0,0,0
605.766429747527,21.4974029489482,7.92092336297511,1.10524512041513,0.368415040138377,0.460518800172971,0.0921037600345943,0,0
358.65204157471,19.1581275140028,7.82881960294052,3.03942408114161,0.64472632024216,0.460518800172971,0.184207520069189,0,0
310.481775076617,15.0112106088434,11.6050737643589,5.80253688217944,0,1.10524512041513,0.0921037600345943,0,0
280.640156825409,9.02763056535879,8.47354592318268,1.47366016055351,0.184207520069189,0.64472632024216,0.0921037600345943,0,0
342.257572288552,11.2233884771118,7.55250832283673,1.5657639205881,0.828933840311349,0.64472632024216,0,0,0
245.917039292367,10.1645060441638,7.64461208287133,2.57890528096864,0.460518800172971,0.552622560207566,0,0,0
390.612046306714,12.4588516373668,11.3287624842551,1.6578676806227,0.276311280103783,0.736830080276754,0.184207520069189,0,0
393.375159107752,15.382472985346,12.3419038446356,2.11838648079567,0.460518800172971,0.736830080276754,0.0921037600345943,0,0
472.584392737503,13.9997517313421,15.2892241657427,2.67100904100323,0.368415040138377,1.10524512041513,0.184207520069189,0,0
414.098505115536,38.1958258541106,26.6179866499978,4.42098048166052,1.10524512041513,1.5657639205881,0.184207520069189,0,0
290.49525914911,20.9230318907318,22.012798648268,6.99988576262916,1.47366016055351,2.67100904100323,0.0921037600345943,0,0
201.891441995831,9.55956549553714,8.38144216314808,1.84207520069189,0.276311280103783,0.64472632024216,0,0,0
231.825164007074,6.94387479498262,9.11827224342484,0.736830080276754,0.368415040138377,0.552622560207566,0.0921037600345943,0,0
150.865958936665,9.68124152628437,5.34201808200647,1.93417896072648,0.184207520069189,1.19734888044973,2.30259400086486,0,0
159.339504859848,8.63327983955893,6.4472632024216,1.10524512041513,0.64472632024216,1.38155640051891,0,0,0
187.891670470572,6.85870157345956,6.72357448252538,1.19734888044973,0.552622560207566,0.552622560207566,0,0,0
225.654212084756,13.208556566038,8.28933840311349,1.84207520069189,0.276311280103783,0.921037600345943,0.0921037600345943,0,0
204.28613975673,14.2443506496887,5.34201808200647,2.39469776089945,0.64472632024216,1.28945264048432,0.0921037600345943,0,0
93.2090051550094,14.3575996479178,8.56564968321727,6.355159442387,1.74997144065729,2.57890528096864,0.0921037600345943,0,0
108.958748120925,7.53789459738677,8.38144216314808,4.97360304186809,1.01314136038054,2.39469776089945,0,0,0
123.142727166253,8.94121048698354,5.52622560207566,1.93417896072648,0.184207520069189,1.28945264048432,0.184207520069189,0,0
74.5119418679868,11.2477236832613,6.07884816228322,2.48680152093405,1.47366016055351,0.736830080276754,0.0921037600345943,0,0
237.113569615091,32.8117663816804,3.18145195347368,0.254011375402847,0.398120642568805,0.692371918112062,0,0,0
281.622038548426,39.9364347905856,2.35150796561098,0.558825025886264,4.24662018740059,1.00009277060631,0,0,0
297.78285167303,48.0696523246617,3.82696394403355,0.43181933818484,0.752005658185521,1.00009277060631,1.08871764901339,0,0
238.968089153979,38.278132791052,3.18145195347368,0.381017063104271,0.442356269520895,0.769302131235625,4.35487059605358,0,0
303.876273015094,46.8078352577438,4.10361193998779,0.635028438507118,0.8404769120897,1.15395319685344,0,0,0
273.409166304775,43.2485161478359,4.1958279386392,1.06684777669196,1.59248257027522,1.230883409977,0,0,0
290.099842154776,43.1188670824178,3.08923595482227,0.43181933818484,0.442356269520895,0.384651065617812,0,0,0
209.030845169057,29.638379373482,1.79821197370251,0.0762034126208542,0.265413761712537,0.500046385303156,0,0,0
63.0473570539476,5.94760508702147,2.85323805645602,0.736319498440264,2.02487862071073,0.368159749220132,0,0,0
68.6617932295546,4.09140720476569,2.02487862071073,0.552239623830198,0.644279561135231,0.092039937305033,0,0,0
90.7513781827626,3.09171129915159,1.93283868340569,0.184079874610066,0.092039937305033,0,0,0,0
38.7488136054189,3.47817521154554,2.11691855801576,0.644279561135231,0.552239623830198,0.092039937305033,0.092039937305033,0,0
42.5224510349253,2.10851729613282,0.460199686525165,0.552239623830198,0.092039937305033,0.184079874610066,0,0,0
31.7537783702364,2.25171122510524,1.1044792476604,2.02487862071073,0.092039937305033,0,0,0,0
25.6791425081042,1.61292789883425,0.828359435745297,0,0.092039937305033,0,0,0,0
25.9552623200193,1.63794691244653,0.644279561135231,0.460199686525165,0.092039937305033,0.092039937305033,0,0,0
26.6915818184596,1.68851725910965,1.01243931035536,0.368159749220132,0,0,0,0,0
20.8010258309375,2.01642603326209,1.28855912227046,0.092039937305033,0.092039937305033,0.092039937305033,0,0,0
20.6169459563274,1.08380237690645,0.276119811915099,0,0,0.092039937305033,0,0,0
20.3408261444123,2.67117894268985,1.1044792476604,0.184079874610066,0,0.276119811915099,0.184079874610066,0,0
19.1443069594469,1.73057049475582,1.1044792476604,0.092039937305033,0,0,0.092039937305033,0,0
0,0,0,0,0,0,0,0,0
0,0,0,0,0,0,0,0,0